1000
SphereNumber: 237, time: 0.030000
S	3	0.816121	14.099279110779	9.33428727305	11.216477981481
S	12	1.33031	16.815319756341	12.748970259339	9.7456509109849
S	15	0.837547	28.816121408116	16.045614802582	1.3050768118125
S	17	0.834485	7.4407692519906	13.709323878184	-5.7011867692541
S	20	0.825966	30.813787482687	13.94590227995	0.68805215217646
S	24	0.925382	1.5446898852872	3.0807205219775	12.028980455822
S	26	0.948902	27.72364574639	2.4944741494626	-2.1777943024099
S	28	0.849188	4.285520218082	0.88072363339852	-2.8888711846949
S	29	1.45795	30.227301395373	13.968339813413	8.3631719148244
S	30	0.858973	23.809020389879	0.89677629823814	4.2062959133
S	32	0.957287	4.8463188428796	13.290307133068	3.987531300699
S	43	0.836423	34.198249776535	7.43774282705	-3.5163337572421
S	44	1.01238	36.615166158526	1.6757949136696	-2.9336540467862
S	49	1.34814	31.222497661979	5.0133832163282	1.2474301235901
S	55	1.21999	36.777536649373	9.7604470435873	11.861973384305
S	56	0.706858	19.667832899872	9.3680713965379	-3.4118275721116
S	64	1.43195	27.592351827036	13.939779042767	6.7235725210415
S	65	0.810223	35.639367391788	18.809561180246	-5.4069241112989
S	69	1.31867	24.169138712635	12.798345059598	2.5693327666472
S	79	0.807301	24.582461973837	6.3551889895233	3.1692267172314
S	82	1.2102	16.16655674671	9.1105331019462	0.81741077444907
S	88	0.683168	26.548577886005	2.1389966363296	-0.19385142416928
S	90	0.807691	6.8376768296625	19.426703019155	5.1395860027626
S	96	0.644775	4.3795943577799	10.555783638732	10.66953675181
S	102	1.3802	9.9943852109913	13.049032123377	4.7449302670025
S	108	1.04901	15.649317419374	20.527274934726	3.9779667299323
S	114	0.914826	0.035925564440142	18.522588249003	-3.99399760274
S	118	0.970281	19.927312703684	19.045687111165	-7.1415134573854
S	121	1.33125	24.268609193672	1.3670273602751	9.1514211053216
S	123	1.04735	15.148243876118	15.829631086723	9.5165753616907
S	127	0.636202	10.041372764182	8.7949680166034	8.314474190854
S	128	0.993688	21.722101743853	8.5805675066836	3.2861040957413
S	131	1.21356	25.031440355004	17.824619315108	9.004631237474
S	133	0.518574	17.586070256469	1.7659339751089	-5.6497929719175
S	140	0.912291	4.1510972637873	19.464275013658	9.6616160881999
S	141	0.882876	36.765591672013	13.169567914995	-5.1575944960933
S	148	1.15892	5.5825972067718	5.5094297445317	-2.4230424353048
S	150	1.1118	1.9225600402971	5.9907052661524	4.1291656051178
S	158	2.1535	23.375218842002	2.2315463288664	0.34804922052015
S	161	0.999191	29.415101024834	5.0419665962454	6.4038808068712
S	169	1.00584	37.810424492601	5.0984896764771	2.2050955718059
S	175	0.933022	26.210943195285	4.9490254947893	-4.2309527655299
S	177	2.09837	27.8894647546	1.8087928123979	10.13045881762
S	187	1.85189	2.6510708110927	14.757650667169	11.640535816729
S	188	1.10921	21.432918110366	8.5133850809181	6.8724191400532
S	189	0.681986	31.710921043164	8.9865043298379	3.8735897680146
S	195	1.38503	26.140834012048	19.909305505479	7.5243763598616
S	209	1.95448	23.019572717953	13.476173893831	5.7413420724035
S	211	1.04622	16.340612205759	5.6228998340428	-2.8067548290276
S	212	1.36878	11.063878956517	1.737065762264	-2.8513437931091
S	214	0.622298	1.42701433136	17.150740234775	-4.7803845281316
S	216	1.6159	24.982446064554	7.9787811466974	-3.1266914103562
S	223	1.04133	24.048479925086	20.127294994746	-0.085255171359093
S	231	0.853686	25.722471601341	18.30808896296	5.3425115351863
S	233	1.05587	9.0433560285804	15.716715747615	4.2594722682041
S	241	0.96473	21.322151161891	20.509216759125	-8.0239974592309
S	246	0.82616	20.004504850227	1.3870556289238	-2.384700266465
S	249	1.23945	29.398429860449	18.191580090107	-4.182089717189
S	250	0.874658	26.22013245865	13.686976805919	3.3019768148897
S	252	0.654487	-0.010657420021114	9.9825480004646	-4.2186169429454
S	255	1.13002	15.020947617677	8.7244458757493	-3.871438479522
S	258	1.06597	8.0466022861281	-0.14921917433519	4.5441913337008
S	259	1.36055	23.501769624916	15.497294980102	-1.8186256599557
S	261	1.36674	20.377119673112	19.132788019014	-1.315728595122
S	266	0.828748	34.989157314401	1.2314683487117	-3.9525240024815
S	273	1.35803	31.458450824463	7.0096316623958	-1.0122895272475
S	274	1.16837	10.424184175265	0.96759333618137	3.391256866115
S	276	0.74047	24.87226787978	2.8887190867339	2.909411249175
S	281	1.1695	24.20743861512	9.3480262125522	1.8581331279585
S	283	0.905241	0.9801150832844	6.6186150027183	0.82370618377313
S	290	1.18104	5.9567029837279	10.660796451062	5.3673313878022
S	293	1.09045	5.6400192822073	18.529249674455	7.7351606100336
S	295	1.74413	13.147647030643	3.1746183896833	8.6554803332999
S	312	1.10052	25.577654842729	3.7919179405426	-2.5344012110591
S	320	0.763952	26.059827371288	6.9367971659551	2.6272953507099
S	321	1.45624	2.2500692757991	17.174160027691	-0.7562873114132
S	323	0.68433	17.979242621741	15.191319010872	9.3047524961569
S	327	1.66539	17.283519611802	15.04984066718	1.6255444878956
S	329	1.81283	36.967446111529	3.5390199414551	4.6046798634988
S	331	1.02635	10.541014287989	7.2840211957913	5.1819486676875
S	333	0.58363	33.92406896212	2.5403728602821	5.1504160386462
S	338	0.585682	4.6992520493883	11.577494630724	11.968068115678
S	341	1.11666	30.768154275082	0.5243220378521	2.9831843555097
S	342	1.17362	24.841473701789	17.838769948917	-1.6036073444939
S	347	1.20314	15.184170245778	7.960020643226	4.9462372861331
S	351	1.26371	2.3479859258239	16.765071891768	8.4573572335076
S	355	0.76064	26.515200452271	14.287413601644	-7.3675530679184
S	367	0.862342	8.2375054927598	11.209365007688	-5.0098338260793
S	381	0.759184	19.318124284003	20.103659779538	4.4948879033974
S	382	0.753914	25.78092404074	9.0432101104064	3.7666335894138
S	385	0.863933	10.486176940487	19.6659936654	5.0062824323921
S	386	2.16444	17.123642470862	18.933069097466	8.2672308920586
S	390	1.11839	39.672491102039	8.6267021716976	3.9822171387176
S	401	0.680018	34.998604082914	14.244654307012	-4.1949720203767
S	403	0.954921	25.196174232058	11.637577515637	-3.0467434581431
S	410	2.06644	26.040985527813	-0.41880527174218	-5.4165943222952
S	411	0.916743	28.651943113513	20.686284156855	2.035118206552
S	418	2.17033	29.072398569823	6.9327626407378	3.5586705055083
S	428	1.1559	12.477832407807	13.221931402704	3.5928302296071
S	430	1.54557	0.94678212344416	8.8027172375415	-0.55712661972191
S	436	0.647728	21.470530554837	6.2651121446676	-6.3939348333546
S	439	0.839525	13.088245366588	1.5502943072515	-4.1653067271702
S	441	1.14332	13.273203261903	19.27707835925	3.1127825414938
S	444	1.20836	26.376487835374	20.686795571681	-0.052520757862723
S	445	0.961564	11.165031963474	7.8000652967422	0.22734006636063
S	447	1.4418	0.2400042339037	19.492636975451	-0.77218542004778
S	448	0.795379	17.316498094692	12.327786981565	1.9318054273635
S	450	1.05378	21.588820327742	10.19890809397	11.255521907398
S	453	0.910167	30.882180772138	6.7352279376173	-3.3067793207959
S	457	0.626413	7.2376637869717	14.0592063942	-3.988867386611
S	458	0.817822	1.2157778646363	10.649643505165	10.692771375021
S	460	1.6869	32.176637368714	11.48323879234	1.4825345516531
S	465	1.10518	9.4730032755686	5.5090089670961	3.6570122636717
S	468	1.36996	17.528155462325	16.785974818047	5.2550266582696
S	472	0.833562	28.723323252768	1.7028150039804	-0.026759208593614
S	474	1.20558	36.867048358975	17.064218073128	-4.1760545666583
S	478	0.636826	16.939304652356	14.38180389446	5.6139759343333
S	492	1.53299	27.750216724556	16.51393196314	10.716060733288
S	498	0.751092	36.804982441981	1.2420080096838	6.0439414165244
S	501	0.972037	16.864932483488	18.90428664966	0.41172249047197
S	504	1.55335	0.76147819822787	14.361499626846	2.2997583928648
S	508	0.709388	10.981859895017	4.7185324295578	-4.221119738281
S	513	0.79242	9.3961220037683	18.010403192958	9.8352500898187
S	522	0.691466	6.2734111497845	15.505756229271	9.1671120506132
S	534	1.03058	3.4050772920053	19.633068514956	0.48783215459377
S	536	0.498097	10.417215827354	15.756698002274	-4.1352755228406
S	547	0.767968	30.540952958572	3.240435554163	9.856837654395
S	553	0.855706	28.444366819177	5.0912398127072	11.256484991062
S	556	1.03559	12.324312322055	16.303199827816	-6.0016663800816
S	558	0.74573	19.856378426043	9.3462857006203	10.886384994353
S	561	1.12376	18.8231991785	11.078022181947	2.5693539964138
S	570	1.44414	22.224171658304	2.7078548923694	3.9142777458072
S	573	1.54122	-0.25769134262475	2.7571748810237	-5.0652247592825
S	575	1.05122	-0.019738086645794	17.010497490845	5.3109003317084
S	577	0.838694	22.840582737574	18.241910303443	9.5065390790304
S	581	1.39869	3.6621831997766	11.094185781914	-5.2727709304799
S	587	1.23769	20.239013233709	11.032168497391	8.6913873909532
S	588	1.04913	8.3923552738538	2.0268110609698	0.029482699995834
S	599	0.774942	40.626990025261	19.186024725276	-1.3650832030854
S	611	1.17459	16.422688810898	15.17475333706	-6.8965300137887
S	614	0.724638	3.0376941060167	10.195816435215	12.504096737832
S	617	1.77257	5.6609157464836	18.359435602968	-3.3444630639586
S	618	1.22616	0.28204364133253	4.7923220665083	-2.8508931880546
S	619	0.917029	12.744273403317	13.756110427909	1.4377083434918
S	621	1.1453	35.625635156325	17.298140836675	1.0293359053155
S	624	0.975264	25.148990997755	10.759336082227	4.1844849938799
S	627	1.0002	18.984942343397	13.70957732967	8.9246109134063
S	629	0.691289	16.033434580677	17.153025091036	0.75274256134953
S	630	1.15932	6.6509270273382	19.395182646058	3.082919580323
S	635	2.01012	3.4016059824531	3.1431276507283	9.5451229419815
S	639	0.948792	9.6946688622571	3.6348422248799	11.096864773264
S	646	0.962396	37.591286513282	10.813166545377	-0.016186008526692
S	647	1.11615	0.70383448123196	2.1094069474544	-0.42950270720883
S	652	1.21362	16.75260811095	10.521306403702	-3.5637112762596
S	654	1.22811	27.817689876948	10.389768704032	1.0622995564212
S	656	1.14906	19.287686382079	10.484043445857	-1.86017368754
S	658	1.7832	8.9807220000759	4.4160291448897	-2.0805712874322
S	661	0.987428	14.800377567591	13.197385583776	-4.3228020550821
S	662	0.696915	3.5154285586773	5.8077508181054	2.6049061810156
S	664	0.497598	39.379826446261	3.2734682490648	8.9569945930055
S	675	1.35882	14.587692731959	10.56610899221	5.3123527847467
S	684	0.70964	5.5640578303022	10.138491149007	11.336918384522
S	692	1.31044	28.47504369005	4.8808802620311	0.49130950543217
S	700	0.814079	27.451131261529	5.3491382970941	-6.1725872002577
S	704	0.691683	3.6491105768676	2.3203054148723	-3.3918809713165
S	712	0.885779	10.846055387653	7.6936787855072	3.2356961172755
S	718	1.17699	39.754874653453	0.94927757625881	-2.3806020664283
S	721	0.949185	23.140494382497	10.453340334855	4.3178490804264
S	727	0.888441	-0.19428812305302	16.076827996917	-2.3013522219216
S	728	0.711276	19.782598581429	7.4920073911884	-6.7879672723389
S	735	1.02305	26.646193603578	11.821148240551	2.5736853029904
S	740	0.949622	27.275180317569	7.4231673223475	6.2533901604676
S	742	1.06933	29.395449161643	17.893250324576	9.0245096827844
S	743	1.3734	17.952024793189	5.1191551401175	9.884841153402
S	745	0.691515	9.8163464241532	20.351617445518	2.9056279945814
S	748	0.734418	21.062893779215	20.04817173034	9.645858575886
S	753	0.713479	3.7951304266318	7.4177027987855	5.3575001483643
S	756	1.63426	10.69951876105	12.400795185104	-3.7048969181056
S	758	0.864041	38.532657738492	5.7897390397601	3.8948933859067
S	761	0.599694	18.557416617412	19.848023359559	10.618988191274
S	764	0.885907	25.127025367177	7.6154940022361	10.426531733202
S	773	0.834082	22.234889944126	3.2680768929972	8.7708269331372
S	779	1.33434	3.0361401487651	13.1285036585	6.6006695393682
S	786	1.79525	24.086518317437	4.1600117009358	10.86704876807
S	787	0.8847	39.542536624072	8.745412855763	-3.9654089767912
S	788	1.20946	33.880649932247	2.1818852053496	11.441429834602
S	793	0.819829	1.3603985865491	6.5293026670702	12.702839880904
S	805	1.02705	25.096344087171	2.2484036074615	5.1784959325086
S	808	0.733649	27.141751700709	19.343734866147	5.0070218973171
S	809	0.947466	32.442973021664	10.008743680745	-1.1702346577491
S	815	1.65848	33.802150632579	8.4220810790248	0.75588980860907
S	818	0.893868	12.781035373237	2.2331630799827	-0.79735435318926
S	821	1.43051	10.257793860487	2.6558990807712	-6.0902335767655
S	823	0.797768	27.903941093983	9.9207862993327	3.2971766491277
S	827	0.76985	0.81140670738219	18.798996346396	4.9105981956558
S	835	1.28276	34.140837782001	9.5382075799583	3.6247452665259
S	837	1.3711	15.039514257154	2.9948117381926	-1.0729547139729
S	847	1.58025	2.489560803535	4.5842230844144	-4.8485173546707
S	854	0.816951	32.095717304154	12.295899488554	-2.5119167520232
S	855	1.6702	21.546865429244	6.0055142463925	4.515990649645
S	862	1.54499	5.9660411341361	14.57549083624	1.624550494301
S	868	0.565982	10.482496915636	18.315674857792	7.9625318200472
S	871	0.829281	16.140364202781	2.6697176105601	11.276682192678
S	882	1.02119	18.7193464406	17.615092619939	1.4284021765547
S	883	0.984995	29.554245759974	3.4917987819075	4.8555810072398
S	891	1.01061	8.3503600826798	5.8222082185184	11.938514379218
S	902	0.66668	-0.86499758299668	15.668509012637	-5.0441949605927
S	904	1.09784	39.298897904364	6.5211357744336	10.113977666448
S	906	1.31039	19.137824627322	20.336430563953	0.90172248707092
S	908	0.845125	6.5888237844928	11.946742648177	-4.9649095125428
S	909	0.461117	10.539919768065	17.053951783907	6.1846914428394
S	910	0.737845	13.55889505117	9.7681136338932	-1.6793976945121
S	911	1.55581	15.830555672839	17.95488840047	2.9770111820045
S	919	1.06155	13.138736735301	8.9325329646378	4.0120605046792
S	928	1.19052	12.322935719919	13.215242002257	-1.3599763997367
S	937	1.68572	14.898374077945	14.874059298434	4.3732149865428
S	949	0.73974	30.221745411032	7.4047652632311	0.76711047581696
S	955	1.02337	9.4393410200207	9.7641328181764	1.2417080823646
S	957	1.83993	19.923032241088	10.934458550439	5.476852291278
S	965	0.48358	15.539635584812	18.262063462044	-0.95034648592943
S	975	0.657354	15.628713800051	10.490248645035	-1.9205164808754
S	987	1.16816	12.910888580016	17.083899205572	-3.60334496264
S	988	1.1733	26.882911843326	6.2293113326519	10.275622780338
S	999	1.11473	29.580535103357	8.5278906859264	11.454840500667
S	749	0.867453	8.6006590069309	10.149249503984	12.481149790189
S	751	1.00416	7.5368203846749	8.5013302843858	12.359815932498
S	33	1.24244	13.679108138273	12.663949902804	11.424054827927
S	38	0.916136	20.185806101642	20.345662480537	11.310420054801
S	262	0.721683	28.785274318269	19.500758195839	11.653244584252
S	326	1.0134	17.569359296353	18.786367570426	11.57080744513
S	542	0.963141	24.659998270673	15.540108396727	11.130229295251
S	600	0.755841	23.924034298645	18.184207536505	11.261590835852
S	848	1.18653	18.476357721633	16.444894048932	11.637755199219
S	984	1.13941	21.426692536037	18.607079868245	11.000757383396
S	594	1.33419	25.457915907558	20.713812948331	10.663106375094
S	365	1.20442	16.924311539306	13.623065608591	12.398197762316
S	483	0.981732	8.1069892395219	13.814213379821	12.412805687497
S	265	0.857418	35.884293333296	15.520631672724	3.3066463046698
S	291	0.831512	34.126094792563	15.454705142885	5.6263445593354
S	373	0.860851	36.507172066622	13.713728007802	9.7920849976457
S	416	0.556042	38.084178596423	14.945854860319	5.9359358323114
S	544	1.01758	39.213073691002	14.547724366581	12.879719200031
S	546	0.588297	39.955648533591	20.591317581143	7.8401284070686
S	557	0.80315	30.608152043978	19.881570124782	9.6313718782393
S	642	1.45411	32.185214523877	18.883221968704	11.369107567286
S	668	0.935524	40.028254316617	13.909973522863	9.8577039858487
S	766	0.819183	38.241403034029	10.951018370487	7.4917300130263
S	775	0.87387	36.742926623793	18.944801650792	3.804090313785
S	782	1.38417	34.038735059189	12.108895524008	10.513223566877
S	845	0.85448	35.694780055356	17.861961456146	6.3585631414563
S	976	0.811342	38.016634823343	13.377767049126	10.672096598866
S	663	1.05427	33.154473221332	13.676852238416	12.333979858866
S	0	0.854466	4.9644900294277	27.465459906857	-3.1295225714445
S	1	1.14765	24.12800037354	31.055886485013	7.5494640867089
S	31	1.47562	39.737788513549	30.743013550669	12.127127796657
S	34	1.56838	5.6756764718367	24.167106298354	4.0039600213546
S	35	2.05013	11.98739103695	37.938751187855	-5.9294235346271
S	36	0.817305	22.687565518241	25.121087228908	6.9085904270561
S	41	0.891318	15.255635578157	21.226823685214	2.1054195588884
S	47	1.40441	15.234184766142	33.825064967936	-0.42958769578125
S	57	1.19201	16.108711410326	38.243171701023	12.754660617282
S	58	0.903803	23.538531617257	22.590492904803	-6.6818665481085
S	59	0.684132	29.907906636232	22.167130735713	7.308997998698
S	63	0.947562	9.0439741954883	24.477546192142	0.18017002579333
S	67	0.873266	12.360108307576	28.800583643774	7.9085395633155
S	68	1.2746	22.776072742129	21.974976109622	-1.7412588160856
S	75	0.72895	8.475240885422	31.13061109327	7.6289720897545
S	76	0.800313	24.210859682883	24.873996420259	-1.6729674004278
S	80	1.54128	23.378344852976	24.533978142535	3.1303478858837
S	83	0.987059	23.76811748536	37.212197611161	-4.4512616435028
S	85	1.43149	11.615391865404	22.844033778548	7.9104062760748
S	89	0.896549	6.0381393024327	34.893713432243	13.034373240688
S	91	0.811019	23.831962065182	39.550297239758	-5.4505733329754
S	98	0.726159	2.6229567962067	37.862594358268	12.12330234417
S	100	0.839982	28.680726424277	40.423328162643	-5.4903617891955
S	105	0.785593	5.2798108409143	38.934607737674	2.6760313261264
S	106	0.829527	3.7292323146019	24.002495376469	1.368978930811
S	107	0.82487	34.618180742375	30.846973549883	-3.4802380746915
S	110	0.965503	38.403562791609	32.212574293829	1.3499450803181
S	115	0.940037	31.939035029252	23.154898227293	-6.4720939753138
S	117	0.565826	38.907390321555	28.716492124125	10.916589697564
S	119	0.830735	19.881304104176	29.394798885291	9.4093375786886
S	125	1.47313	34.447913599813	25.985613194538	-2.7963059098234
S	134	0.671801	37.508151112098	23.572490631996	-2.884667377249
S	135	1.16376	32.026818133235	27.45837123415	-5.7016956359135
S	143	1.09061	28.620602209263	31.680025932404	-4.641603424368
S	145	1.01673	20.860767914188	25.284834751684	-2.862145901572
S	152	1.49555	2.8709360302846	38.383382649324	7.5030238641138
S	153	1.2084	8.0657318595919	35.434855696305	11.905333511678
S	157	0.979228	37.466131971131	23.795987188223	-5.0345783133117
S	163	1.25937	30.607077782961	24.667693947355	-4.889521710921
S	164	0.654566	8.9234797811095	37.09730624865	5.9578972712838
S	167	0.588392	25.269834673093	27.645573222111	-7.0664465252797
S	168	1.30213	0.99098459740595	38.119576151237	-0.41460900775176
S	178	0.819383	4.6453684339046	32.186693965159	4.095086113998
S	193	0.974891	33.737938525908	23.131569582865	-0.80708484391944
S	199	1.28154	34.892676817421	28.845322233662	10.410826348377
S	201	0.772693	14.011770696896	39.433824446128	3.6085379638645
S	204	0.735151	10.437099071124	30.910073452391	4.9558229116526
S	210	1.3442	22.773597649059	21.741002927859	7.9558285093626
S	215	2.45094	9.3998115519584	28.752749020986	2.5899537909458
S	225	1.04029	33.803697058366	29.890554051435	3.2132104320389
S	228	1.30973	25.784118191906	26.160729775727	10.43825460655
S	229	2.0944	5.0130368319117	39.15601174697	10.589514497001
S	230	0.760821	15.322772426657	36.038513694606	-2.10076836698
S	232	0.786633	6.0789489334549	26.274975036155	-1.72154432974
S	234	1.21145	26.707435742533	39.527043574541	-0.40856457426627
S	240	1.39824	36.080312907177	29.639568259396	-0.041249093346334
S	245	0.812309	37.254913520271	23.00789433588	5.7944400055751
S	263	1.06705	31.07086021335	34.774222089231	1.4906142019294
S	269	1.22874	39.534943896184	26.308270537191	1.9177141608556
S	271	1.51505	-1.1320497321226	22.098719718604	-6.2674727633897
S	288	1.11759	5.8714110227536	33.150660667877	-4.1108555827255
S	289	0.703369	36.772383724016	24.501111090774	1.7713707902835
S	298	0.755984	28.557675751793	26.301884166618	4.9220902605324
S	302	0.698336	18.161215157919	34.050370797932	10.303950397374
S	306	0.886575	34.946078485249	32.675652036761	-3.6608181170487
S	307	1.86924	28.787645938848	35.509355523871	-5.866320944373
S	313	0.924556	18.674558732399	29.330610635704	-2.297443762751
S	315	0.499462	35.133414836293	26.591988659859	3.0020173049026
S	319	0.88476	24.161502156637	26.639526123458	4.3939698646028
S	322	1.19801	0.94185254340924	37.215630805442	2.6558505584848
S	325	0.827357	18.358582353879	25.000777171181	5.7356897733646
S	330	2.02654	24.465358091803	28.602500165904	2.0703950392466
S	332	0.879515	0.76489683072695	21.148505032897	-4.9181758300995
S	336	0.730929	5.7508160382051	35.262864230244	-0.26768209980408
S	339	0.693625	4.3894991377645	35.211261520639	7.0509960652836
S	340	0.588161	18.835619581041	37.318892048071	7.9489683418703
S	348	0.878406	38.497324833169	28.830694592597	-4.8936246658196
S	353	1.14618	18.739430262203	37.097154855597	-5.4778087208738
S	354	1.31915	28.913954586882	21.249204675053	8.9453890482846
S	356	0.711684	21.456740604059	21.403861840719	-6.4564710755817
S	358	0.574811	6.238300904152	37.855427312195	-4.2551739335232
S	369	0.682915	16.904899304852	31.261645250891	-5.5940987779342
S	374	1.11536	21.554381873922	21.08836680734	0.26344457880184
S	376	0.926301	12.161595712261	38.251516318907	5.788741952891
S	378	0.484106	8.3053711023082	27.179807762919	-0.31277023348661
S	380	0.940028	17.87008671782	32.963426016523	-6.3608595334305
S	384	0.663051	4.9032931710322	23.07104262335	-2.935302566419
S	391	1.1546	16.644780231275	36.457248346785	5.95089657762
S	392	0.863667	28.705961509757	29.689039899293	-5.3616265039821
S	395	0.560554	23.837439836565	33.481673991451	-3.1274418744001
S	398	1.0843	39.707997987882	29.991138521661	9.4476092349243
S	400	1.46427	37.223546252146	30.822605433213	9.992822079539
S	402	0.842397	12.381704954876	27.955724654337	4.1491749767417
S	426	0.844128	33.352117194918	30.219880331654	-1.3393968012613
S	431	1.29138	16.039283176504	32.356541609741	6.7589642072516
S	432	0.808053	27.32010596124	26.322655685403	-2.3584713804306
S	435	1.02698	28.28475140091	27.740945855123	1.2070021477918
S	449	0.455432	16.639218953486	40.045234187912	3.7167341310676
S	452	1.41862	16.246056872439	32.289948937538	2.5531927356691
S	455	1.27012	3.2763844083118	26.910278769116	9.6603973595616
S	464	0.928775	5.5666957622146	25.715627391797	11.473059237039
S	467	1.18571	35.31266125013	38.720928674864	-0.32089889404549
S	470	0.903013	16.502553881496	37.450159123189	-6.2645384855437
S	473	0.891989	18.299021202578	30.94721905754	2.2695681473455
S	485	0.574265	32.096005516958	29.51172466314	9.0324834914822
S	488	1.38338	21.961590425105	28.409115838405	9.799277473105
S	493	1.03751	7.4808006436175	34.410058285741	4.8125805793689
S	494	1.02663	18.269427320539	38.497572921316	11.877721891785
S	496	0.830407	17.452603259671	39.908581126334	-3.8761975913235
S	500	1.5113	40.173237544793	35.790406994977	-1.2044681813378
S	506	0.748446	31.693778064041	24.556144324313	6.2457176650318
S	507	0.953523	26.939300306578	36.046371389398	1.3648164915493
S	510	0.680738	7.560671645088	39.132002198599	1.6764273662481
S	515	1.21228	5.275852570654	39.720827195753	6.3517067440791
S	516	1.07636	8.7387563779192	32.83014334049	6.8318341543871
S	530	0.773431	37.27080027072	34.738545570016	-2.2087497716358
S	533	1.70926	35.867742057395	28.782477361264	6.8928004657841
S	537	0.896009	12.154688878177	31.858644180302	-0.070393459241396
S	540	0.527216	4.2999779030039	25.397196845719	-4.4226594532625
S	552	1.14373	7.2429813972616	24.261984020097	-5.249210862016
S	563	0.874581	8.3516342193758	34.651181573967	-1.3975487181464
S	564	1.12869	18.868776480495	33.327846772607	1.412412043195
S	567	1.08655	2.0865606078629	30.587548488283	-4.087284545123
S	568	1.01635	2.9819803472321	27.14490244358	12.049156608828
S	569	1.05039	22.783594817037	31.303529575776	3.7645314288804
S	571	1.33824	34.808717443956	24.860373460423	10.520436155042
S	574	0.781563	4.6459707859572	35.33803994661	-4.2040108816608
S	579	1.13511	22.791501236655	26.953601930934	-4.3884780706744
S	580	1.12674	11.305561822361	31.026812236453	8.3844469447613
S	584	1.17599	35.359227719333	28.154307164423	3.922646000927
S	591	1.26545	6.9804057345192	36.45003143542	-5.3765975881807
S	592	0.570925	0.92665477480953	36.221183798171	-3.5713635050721
S	596	1.07783	5.108475373744	34.40100127003	11.245977455684
S	603	0.635676	33.31183647493	26.36297683496	1.244244723363
S	605	1.22701	18.161371342875	22.008553851378	2.7775359904768
S	606	0.834125	10.452840778258	22.343282696948	-3.8973781488716
S	615	1.05991	8.7409238563502	28.824630377516	9.1764348428635
S	622	0.944672	28.859794981133	40.312948288356	1.4359155451634
S	628	0.880752	5.9921833937069	39.233737152802	-3.1054430041059
S	631	1.64901	39.294536540946	37.976462385946	-3.5412232086052
S	637	0.869209	20.379400459735	32.030042598499	0.52185707266081
S	638	0.883965	9.5322911063141	40.386734661459	-3.6265933369528
S	640	0.704592	12.382015453654	39.169874040009	3.0629020508859
S	643	1.08683	19.026229397624	21.327508060168	-5.1759293210824
S	645	0.721419	31.767219449683	30.326731804364	-4.2443289271161
S	651	0.49094	24.099885005685	24.925828299246	5.3154732533107
S	657	0.631527	13.298735365255	35.286837394804	6.5486623335293
S	660	1.59283	3.4094859033816	35.766859741587	9.3599836291002
S	666	1.35797	35.21012347167	23.31398636428	-3.9844698749759
S	672	1.05451	5.6485371078328	30.973015516216	-3.4551341544439
S	673	0.901058	9.3835345233259	23.646757567258	8.6598303010081
S	674	0.527316	12.974957853217	29.496592977093	2.840015327644
S	680	1.22896	18.908918107452	21.122019516637	-7.8495921115938
S	685	1.47488	18.335939412875	28.078933288281	1.6040779184662
S	686	0.947524	6.9441539424395	39.280874762651	0.088739312561199
S	687	0.713476	18.883004926301	28.691958589239	-4.787104836403
S	689	0.88344	28.401697530189	24.650944013423	-5.6642334965771
S	690	1.09389	32.902385883526	36.61930196838	-1.3019078065543
S	691	0.967768	2.6877313304285	34.223694383757	-5.7750450583028
S	695	1.11354	6.0193071265595	32.522174490193	5.6729628542435
S	698	0.990833	13.396925745113	21.605579818673	2.8617925431187
S	711	0.779203	38.496986725742	28.597551992415	3.3352623165606
S	714	1.09536	8.0829910705829	36.512826244626	3.5471035210895
S	717	1.12839	14.147893009279	30.706861985961	0.44186046000146
S	726	0.73162	13.330494227674	36.784232026455	0.23167388335711
S	730	1.23812	19.973027951991	39.664052553097	-3.2239273228557
S	736	0.712171	13.188597785746	33.391412052421	6.881733634151
S	737	0.83265	39.189776165765	24.295749739234	2.6357214467996
S	741	1.87175	26.142393281238	28.823500716827	-1.6569517908921
S	744	1.17278	10.28239562534	25.286002645921	3.8861993647764
S	746	1.15266	22.501672520932	23.313607413873	10.051844166179
S	765	1.64542	18.554702958935	40.62494368262	2.7888535467109
S	769	0.968812	20.117223824305	30.652637859968	3.3542504512807
S	770	1.06292	25.190961030264	40.324297689476	-2.072205180742
S	772	1.65142	13.884118915678	40.375844189445	6.0782910868518
S	784	0.872782	5.0464630241968	25.413322355763	1.8542691204932
S	790	1.05356	31.18713299177	25.026456435845	-1.086959196924
S	791	1.91552	29.771499067563	29.71655875677	3.2241164140028
S	801	1.8337	11.865367770942	26.372247303666	6.4536280197036
S	813	0.861253	28.736517015163	29.983717102994	-2.4386209808259
S	814	0.881762	13.825812989404	29.741653722141	7.2911514579638
S	817	0.852829	6.0175591497497	27.208839394326	-0.27672956070443
S	825	0.783839	19.942641331236	25.63779358435	-7.3526032669685
S	828	1.34226	36.955995894312	27.771307660376	-2.1175781638142
S	829	0.685129	1.8526376736688	29.255141396063	0.2020355037001
S	832	0.927384	12.199492590376	21.816350027956	-0.67450879709531
S	836	0.955773	4.8016871749664	22.142542818221	11.559313838619
S	846	0.904091	6.7349847854941	29.118241167686	5.2604529112303
S	851	1.09356	10.268868513924	26.871839885667	9.0767826529461
S	860	0.666404	38.243850589869	36.814095203583	-0.28348497283231
S	861	0.774209	36.177881666685	29.466944752236	2.2311912642996
S	866	1.08781	0.89750224894856	25.182276844181	10.688580032938
S	867	0.671289	30.231044772021	24.723893708851	-2.6063715119266
S	870	0.865826	33.60461384459	30.070188296245	7.6214420872738
S	874	0.72518	7.257445813083	28.525326145373	-1.2287022340208
S	885	0.946437	14.902513398028	24.794584423976	8.0146407795984
S	887	1.09547	26.699411139028	35.818102394052	-2.1007645219381
S	903	1.36268	4.2447756648754	40.360018993699	-1.809321387891
S	905	0.680871	7.9283230690447	26.583583418549	-1.3120947832109
S	914	0.773567	17.157139026984	24.286154689378	-3.2215143897776
S	930	0.874622	37.980298739578	31.112452828755	-0.29523901322724
S	932	0.529219	9.7436658853786	35.587706920963	3.9975284655404
S	933	0.931403	26.43219184635	24.616674875074	-5.3465381743509
S	935	1.48113	30.659132519716	21.843525303912	3.1447276185807
S	940	1.04681	20.080311327788	30.163594072138	1.2954551572723
S	941	0.885485	27.243780322169	25.171459105484	-3.7116106962088
S	942	0.814211	9.7022032321578	33.179160728337	-5.5955116119994
S	943	0.641355	3.5165102815276	38.275892574227	5.2196850135566
S	944	1.68823	32.800970648339	28.71717047145	0.78388388206013
S	945	1.02487	16.783277830372	38.418120934353	7.2053961747961
S	951	0.704198	36.707831069655	27.683659465826	0.85701776114874
S	953	1.06934	30.069165991977	31.264415936037	10.571017790045
S	956	0.614593	19.792641096135	33.236649674348	-6.1364987469303
S	960	0.724037	26.968166516921	33.10003557114	-2.9904589882616
S	961	1.83131	2.747313610883	29.996165925905	8.3339918237742
S	968	0.895802	9.8426923222136	40.740748416436	-1.8181196444045
S	969	1.05784	11.295244593797	37.621086334702	1.38427266144
S	970	0.895404	9.5343130956567	24.829563694509	7.1155684743498
S	971	0.797123	39.936272091201	28.708233903868	6.109296757138
S	972	0.854241	27.262112510208	25.36876460433	8.877591752989
S	977	0.832519	37.224358466458	20.938231434485	6.8625382785851
S	980	1.10539	6.6094232240143	21.065569262556	6.410469418619
S	982	0.523609	17.27128944287	29.620328242101	6.990983120918
S	990	1.25135	30.012952922395	40.356290733799	-0.56038740247448
S	997	1.0415	25.752800449563	23.075814298422	-0.83064436147238
S	998	1.33812	19.322119317117	22.097545425313	9.9734413247247
S	13	1.24569	38.222417720984	28.506393025608	13.05773941136
S	81	0.6604	16.705776252742	32.870268477501	12.291423404518
S	207	0.830272	28.10074788946	22.195029910674	11.329589006196
S	480	1.06077	21.118536145444	25.456789306026	11.280675697839
S	489	1.10532	33.318315569958	21.143086096685	12.318780526611
S	929	0.730051	18.483612772526	27.648040791471	11.654830935942
S	892	0.833228	32.219022469517	31.253772794484	7.3581327839803
S	60	0.893693	16.028596313522	26.586178638121	12.039301128503
S	299	1.42242	25.986089122287	23.676889927453	12.2570689727
S	424	0.65994	21.548991027703	23.790070703276	11.966842312994
S	461	0.456164	31.34906182194	21.942834625725	12.380307398666
S	865	0.897673	28.350363121576	24.382063051121	12.108322364237
S	869	0.914799	23.623999122862	22.900715467026	11.973554038748
S	66	1.11401	20.434877232409	38.30865497851	9.4317388436184
S	71	1.02756	23.887069400226	33.664511533017	10.099068601705
S	144	1.18341	21.704623376336	35.244257649717	4.9929126319044
S	343	1.00022	26.986355220137	33.974322684531	7.7361530365559
S	372	0.51643	22.467293044027	34.046519894734	8.9520683034457
S	420	1.45857	25.789408916209	38.89249581828	6.0030794109966
S	423	0.861297	29.372133638719	34.056400893164	4.2919017081007
S	462	0.708459	20.795741039024	39.565138223316	2.8538636209569
S	479	0.72157	27.721971981826	38.533487016864	3.4443604036045
S	671	0.910418	29.719105015697	36.249925078268	7.6646470602628
S	794	0.926887	23.06351600985	39.39803565877	7.4220956557499
S	898	0.938416	27.988581611452	32.639354446465	10.458791492209
S	491	0.92259	23.523396361857	33.154116555855	12.226850093829
S	18	0.938451	7.569548423202	8.8987204894497	17.567038298955
S	23	0.899772	38.583397675911	38.912147001158	8.0593670606819
S	53	0.862155	30.967763820059	32.512063758411	7.596473854608
S	94	1.09773	4.8101007620586	3.8463209238978	22.426555339324
S	151	0.811606	3.9172882571287	8.0962254692591	20.056356924311
S	176	0.789511	2.5505466643063	4.8934887924457	18.313314295666
S	179	2.33591	8.7769553861811	7.1271759050573	20.947897412204
S	243	1.19668	7.61694662408	2.5314703152072	22.039518001299
S	253	0.989916	6.3551794605407	4.7738088081976	20.051874354518
S	359	0.824074	36.465435564225	37.561357206889	4.7461743427037
S	451	0.969145	30.469286699849	33.726728960104	10.243337605223
S	477	1.09155	32.199319197673	36.382910382592	4.4113565758993
S	551	0.698086	33.33149953391	39.563577078775	8.3202054977692
S	562	0.89177	31.379391274236	38.115762165175	9.6448033799512
S	593	0.742969	9.9673112915544	4.2311267536725	20.082611251353
S	604	1.38539	4.4219129446602	6.1044774771361	21.150956970016
S	747	0.571962	3.7603836134219	3.3440846456893	15.480406394193
S	840	1.05275	9.7436796637082	3.577872511378	21.920711967211
S	857	0.952777	2.8302839358569	1.4846500346596	24.399300823759
S	954	0.740968	33.191349657107	35.926194714672	8.6920691088993
S	4	1.4319	17.128555555374	12.191243818258	26.477347095841
S	5	1.27515	5.4953336183051	4.644631615617	28.586599726964
S	8	1.31568	9.8338502056472	3.6629953280161	29.147018064843
S	11	0.501812	3.1365114088779	19.740526972074	26.915047143622
S	21	1.52273	33.065214196988	1.3209768197217	31.661910115072
S	22	1.10971	34.766674679994	9.8722574095583	14.935826052286
S	37	0.75622	0.45040861043592	11.909140599679	15.084930181071
S	39	1.02128	13.453625346172	9.8511382383225	17.99962162102
S	45	0.978909	15.674794724291	11.703604081241	28.540697864424
S	50	1.61686	20.752642269601	6.7953854863357	23.198138400738
S	51	1.18935	10.601202491385	9.0397372766409	23.539360700721
S	54	1.1588	28.675396934241	5.2112665814664	16.692293312991
S	61	1.42463	15.326452092312	15.864017556368	12.611161675718
S	70	0.85855	22.907294319314	7.8068316896912	16.116381754273
S	73	0.851328	30.945554914956	13.369549756533	18.343193863743
S	78	0.686774	2.1634174727088	15.266896782884	28.683018649807
S	87	1.31155	33.580480175208	5.5909503401535	23.319343161742
S	97	0.965674	38.022702499149	4.132079392595	29.762453015287
S	101	0.915756	23.451821540978	1.547059564871	15.790002017288
S	103	0.827256	37.479051588424	1.1126779161376	21.338017759498
S	104	1.07641	16.980453270562	14.519977993167	27.69864718462
S	109	0.443675	1.4711160765487	17.833204996097	31.329744465237
S	111	0.848462	3.9989072475056	12.258703460819	16.564869923976
S	116	1.07132	18.530904571628	5.6709182547932	27.039723586777
S	126	0.881053	18.385855634559	5.2954710387084	24.271452634873
S	129	0.698875	14.644456510115	10.028949767555	20.395791746326
S	130	0.933622	20.781696009377	0.9853490552764	21.550103120562
S	132	0.758641	7.7191388613849	4.7170707159639	29.443744423804
S	136	0.898102	25.489315818743	7.0316829804778	28.357658091106
S	138	0.904878	33.271176102845	4.1103673896254	30.357173833125
S	147	1.10278	7.4610058354643	13.510947788881	21.992032031202
S	155	0.957247	18.823913458387	9.3995349021721	14.132596611074
S	159	0.919296	13.98744562915	2.3485842921903	33.174768231429
S	160	0.86793	13.506052772731	4.3366724757448	20.360961053015
S	165	0.762763	20.717696610092	13.555977179736	16.985234594086
S	172	0.893824	36.162748069621	4.65941882997	29.449873079146
S	173	1.80918	25.317726852069	5.2245139257355	17.181665626436
S	174	0.927233	15.458829716903	4.9415596019856	24.800904892423
S	180	1.36081	8.1180864817889	5.7987372732875	24.682498652849
S	183	0.672101	17.209587542331	18.888489114064	23.560642911286
S	184	1.26974	27.754223813754	5.1546594849126	26.926002101575
S	186	0.839473	10.954195754222	13.239773635769	31.793855206063
S	192	1.19294	32.399987821848	10.434851452131	16.063350377911
S	194	1.0606	5.9022432640657	3.1638105568156	24.299074352824
S	196	1.0154	27.387723786348	6.2451400851459	14.637853496834
S	197	1.41037	25.404527276462	7.868645266973	25.907180476718
S	202	1.03982	7.9218800959264	2.3337930358456	30.069036922752
S	218	0.794237	7.0725438319823	18.652264807319	30.595282603885
S	219	0.714191	14.120123921867	13.33068074002	27.430442649818
S	221	0.585158	23.008943900023	16.508804351404	19.654783004814
S	222	1.56346	10.980543076459	2.633127505464	33.681422814268
S	239	1.2205	31.696977424277	6.6768897735824	21.692938626118
S	242	1.11802	30.69227752373	12.689762125858	15.370804483472
S	244	0.717245	35.014913020178	16.276133376229	20.884312439964
S	247	1.13018	34.086164980202	8.33782482107	30.998700966039
S	248	1.22062	2.4621043250916	4.8196661270283	27.007382080518
S	256	1.5095	22.969035501153	19.379571556575	20.850325272459
S	257	1.64197	28.318149329193	18.972286083388	22.382805971275
S	268	1.15897	12.541065066359	13.917261762097	14.50486196246
S	278	1.36881	25.75013457011	2.9682193290192	20.37903400416
S	282	1.49555	21.10601483956	10.97095295196	21.858478363109
S	287	1.12086	0.91299743846165	19.053799968796	28.928205392937
S	294	0.564929	24.588222868296	4.7941022945605	24.479782295406
S	296	0.703964	14.321462969185	11.833288547211	27.310293439212
S	297	1.18024	2.9752020592939	19.860742041738	19.733849757487
S	300	0.717511	3.7288131229425	14.745838552266	16.271795175175
S	301	1.045	37.844297479558	19.63957320001	13.179967153029
S	303	0.624413	20.396677543238	8.4893431943756	28.809961438838
S	305	1.84418	37.392915280716	12.734919919529	14.92830437301
S	309	1.00729	12.457977993355	11.980284655196	31.754466634432
S	310	1.04133	22.687593101316	9.0573247578711	23.931111209286
S	318	0.863173	3.3404933722081	20.526629673335	17.655120146774
S	328	1.61201	19.62936871194	14.169185622618	26.698278318128
S	334	0.737701	4.5722398438305	7.1336505564063	31.815929602138
S	335	0.710819	11.7780537861	8.1827157204826	21.28491652665
S	346	0.650475	22.877206700707	9.3435535454245	15.605287488718
S	350	1.27869	10.283150046013	12.673282463424	24.078051766506
S	352	2.00411	14.393745297661	14.936074736508	20.547632921331
S	357	0.975617	12.576494921951	9.6973154384622	22.606773055676
S	361	1.66196	27.524835866912	5.9214968315384	30.021956876467
S	366	0.894782	28.344672370169	20.167143813919	13.838667945099
S	375	0.787997	27.591501196145	4.3668078307108	18.545796560267
S	387	0.759273	19.129813591892	9.2307356328723	18.384959821356
S	396	1.59672	6.2094695474801	19.888371988162	20.527357560683
S	397	1.44035	32.322178701212	2.2971418376187	15.499582109708
S	405	1.11629	37.423946017123	8.5413275120376	30.423390064152
S	407	1.07784	17.213990168242	2.8933466249858	25.315769645409
S	409	0.609997	18.903011391881	8.1312343040435	16.671526273438
S	413	1.14223	23.687556738918	19.076010777993	13.619939558308
S	417	0.966006	20.143954249321	12.046569141401	16.156085207416
S	421	0.817943	10.54753270675	0.87008290362433	23.149354117046
S	433	1.00929	11.869829599957	14.688387682207	30.617980850867
S	434	1.08618	20.477557492376	5.5889031030819	17.286712114017
S	437	1.50009	15.755138963073	19.689824397077	25.226788830449
S	442	1.20598	36.045793618804	6.6880490705659	31.205547020038
S	443	0.688399	11.864932354152	3.0396609038848	21.761591398709
S	463	0.846523	17.506774599187	2.6307275559741	14.309568577067
S	466	0.807102	12.654265798588	16.916278957662	29.529623570076
S	471	0.872878	8.605527795912	8.7581763411183	24.406013964836
S	481	1.18956	26.489797379643	6.3787012021522	22.149627213157
S	484	1.56725	17.923863959941	3.5083877910858	21.570982532191
S	486	1.09116	21.593706454233	9.1307589053227	16.96063193534
S	490	1.00766	26.005997198221	7.2621417632008	12.928647690627
S	495	1.71119	4.9397844834116	13.979039709142	18.963491939174
S	499	0.825043	19.68864559776	7.7104200192472	27.476068436069
S	509	1.27208	17.220485773011	10.157023210544	18.598992047291
S	511	1.08183	3.4373607912421	11.013597735819	23.983105371096
S	512	1.24279	30.233949426712	8.8439766232609	21.248491249235
S	517	1.00021	14.6100427454	5.7105831271265	15.421687035911
S	518	0.614577	38.718525112005	7.3163035481392	16.894546465121
S	523	1.22498	6.0722948417898	1.3422530335911	28.117757305528
S	524	1.48351	1.8093231631793	14.181328705193	20.817230440272
S	525	1.81153	37.726453459393	6.0886296409263	27.557433855715
S	529	1.08175	30.62288393717	9.4257639700794	14.805236819157
S	531	0.879481	4.4526068954647	19.151795378609	26.075489425742
S	538	1.22882	21.895220805312	4.1206068568291	18.684279691048
S	541	0.843972	33.579215482954	13.760258521547	20.470860747286
S	543	0.823926	34.528790157986	11.445538343473	13.542425115743
S	545	0.911362	16.866202572147	2.1079461652584	19.086519845951
S	548	1.12438	14.168499557765	6.2374959188058	18.994934890206
S	550	0.6813	12.357442297265	8.2510028433823	23.928706746862
S	554	1.06269	6.8275634781179	11.423709662551	22.707427449869
S	555	1.26838	32.328249793843	10.528457857242	29.995193415728
S	559	1.05359	18.494221825983	13.851908366422	21.142634474133
S	560	1.1137	34.262467833206	1.43104423607	13.863409686066
S	565	1.12589	3.6914655424424	16.123884818021	14.913107908351
S	585	1.16114	3.5027681438378	3.6649393329832	33.247305667749
S	586	0.867202	27.003908743891	4.9395531844128	20.611923953365
S	590	1.11457	1.2789467957677	11.451079131251	31.701083848832
S	595	1.02582	4.7539725682327	6.3967523685244	24.568756010286
S	607	0.766252	3.5234680114449	1.737999621044	30.578136512029
S	608	0.778592	8.2645498235696	14.883303918139	14.183864125011
S	610	1.08325	31.187662995786	5.1391123148092	24.039604822341
S	620	0.70941	10.053941867535	20.125173789402	24.00686479851
S	626	1.34288	37.701303498787	5.8930202458967	33.34462923005
S	632	1.21328	11.615327665137	8.5925993428533	12.949790662356
S	634	1.23095	38.987697287504	7.7280166701324	25.122196977437
S	644	0.689179	23.08656554071	9.8933375105744	31.99878455833
S	648	1.0038	24.889714601273	4.0403645930745	29.495119185767
S	659	1.05906	10.694964041123	3.1125781278389	23.905246162793
S	679	1.4434	9.5190572332965	15.018745814591	20.229045195557
S	693	0.828618	24.46098525626	10.791590171442	18.519043010863
S	696	1.23367	14.167585553332	12.439238966707	18.251457925356
S	697	1.08934	26.394928912711	16.631577997356	17.123465708073
S	703	0.624337	27.743569566487	2.2160268711616	20.317036883237
S	705	0.826288	6.1549540934371	10.556538434591	28.005608883062
S	707	0.912059	11.710688279249	20.438175102781	24.243280346745
S	708	0.875694	15.090418937739	9.1851604761651	13.293144045875
S	710	1.25723	10.121010236388	5.4627373270727	26.895000012459
S	715	1.26011	21.916680342373	13.233325362555	15.053824069175
S	720	1.5639	3.2172647488148	12.763949309975	26.132304064717
S	722	0.901433	21.288552190678	8.3593764729196	25.280335965387
S	724	1.04338	25.767256902455	11.283274418753	17.100635766057
S	731	0.669331	21.575712076319	2.4335047274705	21.175880573549
S	734	0.982418	17.31972207084	8.9846586641046	20.710219711688
S	750	0.80573	6.2975759199245	0.96721707021071	24.934400710655
S	752	1.05962	12.768289423265	11.313679915904	29.581909574084
S	754	1.18115	9.6537361358255	9.3544014470196	26.261653163447
S	755	1.16413	23.899007358397	11.768441252913	15.77853542968
S	757	1.13234	31.934783846402	16.599981701164	12.818082528589
S	759	0.854907	10.762189462751	16.250154819021	26.948155716904
S	762	1.11498	34.446678869633	6.6392529868737	25.512960630451
S	768	0.769224	22.166379254222	15.470456119297	21.645635347408
S	771	0.60456	38.954404712648	7.5091344020542	32.49865076242
S	774	0.813477	13.282137304976	7.5062389198363	24.955206271844
S	776	0.88039	25.829431685069	7.4092673672095	15.163958799457
S	781	0.79243	2.1083432377617	2.556519262707	30.655433741746
S	799	0.777628	4.6492999859576	11.402972887078	28.799109460309
S	800	2.16028	24.942581453642	11.034717622407	21.750163301262
S	802	0.700489	31.547719947262	12.882081122896	13.672781016974
S	812	0.949702	28.950193812208	15.486292432102	17.754320341688
S	816	1.10493	18.891860654463	20.282024817021	22.062723802623
S	819	1.33662	5.9806432035051	17.707336831381	13.412162703733
S	820	1.27862	32.759439789044	13.776381758733	16.355234639039
S	822	0.655028	14.572737899971	10.805274862138	12.793488830731
S	824	0.70649	28.337338107947	8.578593143267	19.249394161962
S	830	1.42973	12.505282639767	11.145011984887	13.578182089201
S	841	0.608035	27.718121072176	9.9049539518564	17.332282823154
S	844	0.820237	34.024924320148	5.3547852988312	19.20618047047
S	852	1.24786	31.459090460834	10.226800502371	23.132953799978
S	858	0.972759	17.301969248921	8.2887316907937	25.610446930383
S	872	1.99111	11.656997796216	17.082634338734	14.132091423114
S	873	2.05398	13.060418731851	4.138647948163	30.53706681156
S	878	0.69606	22.360768928607	4.1976926500883	31.921578341248
S	886	1.06713	12.084590386604	14.97456000478	23.380663580836
S	888	1.59812	37.107452041208	8.9902214141498	20.420233245753
S	889	1.19645	15.905036743782	15.19388738783	15.665546921805
S	890	0.672759	6.7493217217055	14.530414159381	20.602835029742
S	893	0.953711	13.532110857153	12.065065433879	22.184108570997
S	894	0.851637	27.645222244032	9.392478874125	23.283181790153
S	895	0.662609	34.505562640107	2.5263298575907	25.429777375469
S	897	0.831161	12.683356323092	2.2779519129938	27.953449836195
S	899	1.03115	11.095456362456	5.8958402120608	13.647695488093
S	901	0.524731	11.340684341611	17.060480121184	20.28719975
S	913	1.12894	37.388400335836	1.2804561835967	29.717685457435
S	917	1.05592	5.1446403127553	12.67199702797	23.548487353331
S	918	0.713889	35.68608950653	19.12283704944	17.328146678052
S	925	1.35421	29.754011636275	4.1837012351568	19.208053597427
S	926	0.74389	15.272186410529	9.76081908865	17.585456160964
S	931	1.35232	25.964551947281	7.3807155297775	32.616993986537
S	946	1.02009	26.158014776932	1.621005630908	16.962598232201
S	947	0.840565	26.421952068111	3.7073297481882	33.177184287104
S	948	1.73898	37.325771389417	9.6813938452557	33.982214502314
S	952	1.58809	6.1550421859161	18.389759585408	17.517087030875
S	962	1.30624	21.287462811033	2.5060322620711	25.774002235177
S	966	0.834923	13.617810938772	17.935243477603	20.357675387596
S	973	0.935993	1.4235326654365	15.305053567999	30.322441921645
S	974	1.04403	9.0781941878329	3.5584624258608	25.342394074408
S	978	0.821161	1.3833943928469	2.5829745265604	26.469472349895
S	979	1.35058	10.601213694814	1.4257967320717	20.919987006735
S	981	0.676455	20.813117640124	15.060065783184	20.919167689378
S	983	0.787677	22.054247416566	12.022683923101	17.087425037799
S	986	1.93327	17.316137808805	11.569515805274	32.162146098697
S	991	2.47413	33.368149824104	6.4996834318406	15.985519617003
S	994	0.648644	19.678739868723	6.2743204137527	19.946365787759
S	308	0.667308	30.698507237135	18.604424904881	22.103572057697
S	804	1.20512	32.611867975336	18.363921789542	22.48668211379
S	780	1.04513	25.551499370171	20.76749375505	13.159062398213
S	834	0.739769	17.559718490738	20.765472114537	27.709204516419
S	19	0.970003	28.459673990451	18.792382337509	29.221709046134
S	166	0.963397	26.366797227895	12.421874483531	30.824041277274
S	203	0.850994	21.53265375646	13.793593391387	29.117712993774
S	213	1.13526	26.969845786819	11.538852803315	24.57213298653
S	220	1.04073	21.932228917451	20.039170327278	27.561576347507
S	226	0.681192	24.79891771207	18.842729528516	23.430138832678
S	284	0.555244	20.431752838312	16.047055546522	30.370813212642
S	304	1.54346	21.210083510868	14.198998485788	23.595679927473
S	422	0.887896	27.119715612147	19.315953328546	26.932212032591
S	521	1.09756	26.811815813693	15.041175304981	24.081412011582
S	777	1.14342	28.771169696001	14.813023721058	30.133757144215
S	875	1.10397	29.42453722658	10.819478726521	31.121826236228
S	936	1.34442	28.102633662011	17.191817958604	26.805871145836
S	958	1.1912	26.344508442294	17.793505178232	24.274362693829
S	964	0.912631	20.471742507718	17.540597307748	25.655434071293
S	989	1.61895	21.846157297197	11.733173034654	25.885377930874
S	2	1.34054	20.874071224047	33.136199712788	18.984806226282
S	6	0.789116	37.048516231818	25.117568788885	23.021737099333
S	7	0.765499	5.7186654190899	38.64973459713	23.908169211788
S	9	1.14256	35.179580601819	22.281539055617	21.745722255797
S	10	1.03108	21.246268961434	36.257807090835	31.789242917078
S	14	0.987044	12.481082069075	24.323921557127	28.730520917491
S	16	1.11178	29.711490025187	25.192454620623	16.273622789367
S	25	1.49935	25.511521664303	33.84317418624	26.871595369621
S	27	1.3479	12.013810806064	38.000901737943	30.392905704236
S	40	1.21663	34.418576835265	20.674418904777	26.979550157932
S	42	1.79531	35.237461931392	27.411738002318	13.353746684712
S	46	1.22959	15.366695385377	38.87189669935	27.203089586943
S	48	0.811868	24.850977695245	24.08028208404	16.672176307309
S	52	0.833386	26.829726823178	33.218774213402	20.36286947805
S	62	0.842422	25.200911968152	25.436162288077	28.000873121742
S	72	1.01041	14.497529439567	27.085279330036	26.566152860609
S	74	1.22552	30.485946196576	35.197071103588	14.7449290566
S	77	0.693269	32.903023877064	28.10690730795	16.188213385325
S	84	0.547216	37.783556439815	38.663161829569	29.326097713942
S	86	1.15545	38.544943415069	25.263389423068	17.053992590229
S	92	0.558479	33.388459535817	33.234545623582	16.614420777652
S	93	0.895665	27.319944118128	22.205113578889	18.382951803551
S	95	1.01336	4.0799673352378	27.026583192248	14.122296314048
S	99	0.765268	1.2751877036775	24.345419305285	20.586950618052
S	112	1.14755	1.3915087579279	27.063127400722	13.926018935024
S	113	1.49475	25.296028634507	23.619831078508	20.899724189947
S	120	1.23076	33.834675363478	29.104236768423	21.644746106236
S	122	0.882939	6.7187674744468	33.347326373967	20.609763232617
S	124	1.04333	34.139653355272	21.763621432126	19.69465958154
S	137	1.39503	12.266353021492	29.866943052733	12.999062310431
S	139	0.705457	2.5355148528495	33.660175401605	26.716514162932
S	142	0.952298	19.336048153448	25.975880306246	27.889286420755
S	146	1.19716	5.2239977999783	28.03945072242	19.0919051449
S	149	0.887006	34.842012285305	34.442007433624	28.112691371021
S	154	0.725988	16.079214156323	29.842389468247	31.238829940224
S	156	1.13237	27.708372454406	26.185207772964	14.67161437139
S	162	0.56139	37.318333374186	24.230859404196	18.570547184792
S	170	1.45449	31.728780706415	36.947314638162	23.822019526313
S	171	1.45964	6.6906759709105	37.517965630192	34.070963166422
S	181	0.996937	18.032343211059	37.933124502606	22.381352127708
S	182	0.995315	32.596771462859	34.554599096716	30.97901908623
S	185	1.23701	21.705404013065	24.15121706454	21.678327036332
S	190	0.943195	17.177610909324	22.679439534484	21.909555114965
S	191	0.987408	38.053464479112	27.469970713105	15.154212596309
S	198	0.913974	15.048865583003	33.047507750129	26.408999677381
S	200	0.662865	0.95427415013479	23.86590048172	28.354270726296
S	205	2.05996	27.680369080242	27.503626545569	22.137574654331
S	206	0.994474	15.926562239927	34.598880852463	18.942375488566
S	208	0.957358	16.887034837258	33.451441595956	17.004982961326
S	217	0.849737	36.719984112175	17.799254155402	25.933465882278
S	224	0.682776	28.398473280541	36.507772958687	25.413105750073
S	227	0.812572	21.586312751709	31.26021792109	27.718381199876
S	235	1.42823	16.824594851858	36.989107202757	28.738328131432
S	236	1.27156	19.74086050557	37.196408533635	33.494719010943
S	237	0.955091	1.5016405340292	23.628904621613	30.003182006381
S	238	1.18396	8.8962321628897	21.409519897859	17.711810023157
S	251	0.825311	1.8980608159274	24.365291468325	31.744137842432
S	254	1.88944	32.611059668371	29.293117606993	24.719355093475
S	260	0.701557	16.951875706187	24.548866951622	22.472934864121
S	264	0.998114	27.898084437357	34.950908188953	32.682646259109
S	267	0.608335	27.049137190271	35.027920331116	21.158233614385
S	270	1.08476	11.921807391726	31.010306669974	21.174806868331
S	272	1.07779	21.703785292994	22.019567751652	26.002234835766
S	275	1.99605	2.1359737326986	39.557778341008	14.839444461767
S	277	0.952093	2.2121500519406	31.131588782058	30.188446970863
S	279	0.646989	21.106663930581	23.719559620531	25.819856087992
S	280	1.72581	7.0941125125503	22.325545277368	31.277361739353
S	285	0.861351	12.063098817793	27.306379693561	16.29594769478
S	286	1.32296	35.090983101908	19.687897471872	32.210391911115
S	292	0.777416	10.221779840971	22.160358479762	12.79704010427
S	311	1.2422	15.357865568564	32.151798073129	14.064275529304
S	314	0.734404	35.342548917543	28.108982390546	33.038254067525
S	316	0.772356	10.468537065238	32.222347776235	24.125919983317
S	317	1.59858	23.756828962516	24.267785678588	29.785707806105
S	324	1.00432	9.5858551783146	34.004420132358	28.157283654483
S	337	0.995821	20.726952532855	28.166217606396	29.1003398173
S	344	1.14875	17.627928118242	32.189365808563	15.259812174121
S	345	1.02618	3.7735880680456	31.386514584311	19.25196407402
S	349	1.07749	13.158801949914	38.444560925668	33.05412793164
S	360	0.938992	32.495301343289	34.8606730395	22.571087549032
S	362	0.616962	4.8953239675211	22.03994737939	19.235922776566
S	363	0.672648	39.015215232003	35.307542254225	18.83458967737
S	364	1.28764	20.002081749695	22.942781625003	27.657086563527
S	368	1.00566	15.320298671203	24.842597063861	25.7750258375
S	370	0.649102	23.049812513452	39.847383249224	14.917191776733
S	371	1.27647	37.629695381284	25.191512762062	33.434489288426
S	377	1.68469	2.4066341379112	29.840822069065	13.53607141879
S	379	0.71873	11.342070780503	35.20607732712	25.577697409206
S	383	1.35112	18.359127951718	21.621234897967	29.775826009742
S	388	0.889414	4.9284324882736	34.007643152553	32.0841170268
S	389	1.06367	2.956714289549	31.812657021974	15.590547262485
S	393	1.6972	29.024960953146	28.842674339617	14.493316069274
S	394	0.967968	38.641561841795	30.886743668979	31.093465343618
S	399	1.09409	28.510193754976	38.564976152133	19.902223450034
S	404	1.22763	8.553349936712	21.221584528719	21.761624610882
S	406	1.16588	33.363967687197	25.346356647446	26.61921918245
S	408	1.08052	19.929100549797	24.67639410318	31.519497078057
S	412	1.22184	4.0384864555175	26.203585804925	32.590436628696
S	414	1.09254	26.206007675793	37.372797612921	19.208744644324
S	415	0.948611	6.5540570256962	30.41802924718	25.642016271434
S	419	1.55638	27.662296060634	35.980904791762	17.239581565496
S	425	0.867115	10.966143165922	28.876161749205	31.470818952238
S	427	0.947523	16.318692942599	20.966600823786	21.39025073243
S	429	1.20804	34.417593167241	33.803778715446	23.125808393884
S	438	0.800086	12.200097846182	22.136277249827	23.421115267154
S	440	1.59085	15.964161962101	37.277193766193	31.881702574315
S	446	0.748634	26.063633732855	25.412738774166	23.445707592786
S	454	1.15176	33.9346383151	38.561857095696	23.950807225127
S	456	1.10878	34.088195196535	29.900722806136	14.738550212761
S	459	1.50585	38.613394391371	25.319346242722	13.770437935969
S	469	1.33461	37.320986518719	28.589635107562	27.186164279713
S	475	0.903395	18.058395446371	29.639384799724	32.45040782054
S	476	1.20319	4.7402028487811	35.83323327792	29.510255609161
S	482	1.48766	11.341928081409	33.336347268061	29.978377784473
S	487	0.980051	36.741233801296	23.23320839886	32.437374818148
S	497	1.27403	35.96803261518	22.859373210004	18.471522146514
S	502	1.59441	33.07038082061	27.281643472458	32.674786936497
S	503	1.23849	29.086287241465	26.688687081866	27.189389993322
S	505	0.569059	31.466754524568	33.69543218932	21.874116264797
S	514	1.42737	13.623218395471	34.918484097552	31.849900078821
S	519	0.696387	17.10738927962	23.164071320169	14.826240909733
S	520	1.14576	30.43691453309	26.02614411837	31.941570594375
S	526	0.656347	10.359041640296	25.41342206079	18.56650246275
S	527	1.23617	36.306084559906	37.780559054852	31.645157467185
S	528	1.02755	31.313545604296	38.266073912032	17.341204304006
S	532	0.500402	7.7836483949829	27.316561625529	18.264200327011
S	535	0.988728	32.758558706003	39.07018911099	18.753725460093
S	539	1.00747	12.092826514531	29.307635599524	16.64349217002
S	549	0.979626	14.387178765864	31.027867670712	25.47447758046
S	566	1.07027	28.94089137529	24.966282472279	28.889072830629
S	572	1.04909	36.174141359462	25.064730264578	26.210218553498
S	576	1.06129	23.195296021382	25.077208959876	15.498727946904
S	578	0.617252	34.313042944254	17.691039377634	32.706577634695
S	582	0.924207	7.4009559621031	33.660978927836	13.561789269064
S	583	0.859517	2.6961071586855	25.60286219244	28.88843129006
S	589	1.1663	20.584422966704	27.634185581087	24.668739904902
S	597	0.834637	24.179409882883	37.111555051196	19.02738753108
S	598	1.34359	20.871487705359	22.424012983113	30.800221848622
S	601	1.19759	12.862867227726	27.082451680204	21.838125556555
S	602	1.56188	35.695334907018	35.682465481924	14.920552508344
S	609	1.08916	18.919734450485	27.889891247346	27.018668434224
S	612	0.848556	38.541842839347	25.825242438267	23.57381400439
S	613	0.660234	6.5719987910164	38.498509195567	31.464895251534
S	616	1.3548	6.2530907632493	38.082372084126	16.27976566639
S	623	1.30851	8.7042874046548	35.914429427951	32.625617097263
S	625	0.77904	25.70841828015	30.64303747275	16.421349905347
S	633	0.755578	37.097982615955	18.854881610527	32.007294672486
S	636	0.897907	36.320893593178	13.388000588011	31.743147293236
S	641	0.704269	35.33894882955	33.104402498889	33.458588796536
S	649	0.567818	2.7151909303354	23.140489702523	28.858338285483
S	650	0.737762	36.715723171973	26.484030116452	28.937479952245
S	653	0.800028	3.3253359734576	28.666468444734	30.057952590184
S	655	0.70052	4.9835388087417	25.714433848204	30.635636383989
S	665	0.730237	28.077076584086	31.976469421328	28.727974792208
S	667	0.989466	4.6910061899077	25.35637457325	20.019763512642
S	669	0.938438	28.710816934695	38.227991561164	13.634006518462
S	670	0.806118	36.408622992816	30.98836308704	18.455579067704
S	676	1.62152	23.636859724187	32.448549747279	24.507065533702
S	677	0.876154	23.957722746547	23.511129499516	18.283277706324
S	678	0.910194	32.815235147684	38.243838780959	15.278183771418
S	681	0.725391	3.8064008157021	28.274828037742	32.362108596015
S	682	0.993524	17.915437358892	24.373467799385	27.133134193196
S	683	0.925327	18.967394991879	28.797092766787	30.863818347176
S	688	1.2351	24.34740190293	31.623232234767	30.445681932733
S	694	0.832176	22.895792429081	24.65539388561	12.877902448788
S	699	1.62872	33.004948115774	24.695912785507	17.108285183599
S	701	0.615457	5.8073600224284	26.699125392139	29.855173840948
S	702	0.836536	21.228739102236	22.60729843912	23.137577414862
S	706	1.33029	26.559934595403	30.795241713794	23.818000509451
S	709	0.999849	23.102890872614	21.503609707938	30.322409845898
S	713	1.2115	24.311579069281	37.80763258104	30.803265795761
S	716	0.784867	15.330485283931	23.703077541783	20.044056431751
S	719	0.633178	22.94408194053	34.577662542	19.467973545831
S	723	0.890701	14.677997447823	29.529300743508	26.900392936393
S	725	1.0043	24.932698011705	35.166949650471	24.085949925206
S	729	1.29399	35.9202909577	32.617193755529	28.979696207938
S	732	1.32492	24.876427233037	38.288150127519	24.822582578488
S	733	0.994131	31.443915109782	28.949478313318	16.736162750258
S	738	1.20776	7.0382537347	25.294009754477	30.369216096931
S	739	1.06823	17.398112833707	39.501187711605	14.371694833552
S	760	1.16125	30.753877134404	27.429984126008	20.727636864888
S	763	0.754188	25.428755600003	21.239640719949	21.997501578223
S	767	0.865558	21.011992466873	24.306440250149	29.162564116105
S	778	1.00977	16.826767856056	28.389739365781	19.131431547271
S	783	1.26546	5.1481246510299	25.061163165386	14.971738298276
S	785	1.08875	29.724961039382	33.194810939034	32.039735760221
S	789	0.84245	16.305206188849	37.983962539689	15.612941323748
S	792	0.689764	8.7325571275392	27.167113780046	13.785741081555
S	795	1.10303	23.240693015871	37.942231918725	20.896271180925
S	796	1.58126	11.928022407526	28.144425617597	19.122374387871
S	797	0.997211	7.2420244612504	22.278865502245	19.067347023025
S	798	1.57865	10.836620725803	26.454203947806	28.607039477913
S	803	1.52962	35.946953511811	28.475195281345	23.674789479682
S	806	1.06132	31.637334804959	17.728913431874	30.977731595698
S	807	1.76839	27.286868007358	31.163659280604	32.594124044542
S	810	1.24207	32.2000345127	35.039854074753	20.271669636945
S	811	0.499241	28.925366454856	31.146379757487	30.430801560847
S	826	0.986359	31.894790654471	23.669875394363	19.400536471756
S	831	0.792078	13.857156325149	33.376429243804	20.600068898128
S	833	0.732545	30.755242776475	28.057783908186	31.463662562732
S	838	1.56132	27.060045389586	21.266825507005	31.795174454588
S	839	1.1582	21.377886569156	23.540318236403	13.894594759294
S	842	1.66509	10.493589372998	28.772721369346	22.589525503113
S	843	0.937711	7.8982172901743	26.860215731156	20.527793572917
S	849	1.54004	35.617752439556	16.124896801203	27.448602027864
S	850	0.820795	27.462548656552	23.757564372817	29.87294652171
S	853	1.19935	28.032639987666	29.440756842741	30.025937334015
S	856	0.659901	12.185234902219	34.932501829713	18.217962749497
S	859	1.15271	20.594103440977	21.824095809371	21.244338749904
S	863	1.28702	2.5204914178132	31.774886901882	27.623353829058
S	864	1.02365	22.111054259898	27.763546989219	22.758678850284
S	876	0.862582	15.369161147829	26.946673345016	28.340460114739
S	877	1.99737	35.985676015873	31.795705139437	25.360689168086
S	879	1.2065	35.195474109731	27.454833580408	16.571371277397
S	880	0.623288	6.796255936613	38.431929799268	22.362455365613
S	881	1.34082	28.988049929884	35.047962760732	30.448934892367
S	884	0.771785	33.351410948949	31.191641170971	19.38615743029
S	896	0.863274	30.418724493695	35.692922470343	28.746542612903
S	900	0.643289	5.4227804988373	28.770536441006	32.61454968052
S	907	0.808221	25.401594662645	30.116186430778	21.364850852235
S	912	0.844698	28.271752909746	39.93269388413	14.368668092138
S	915	1.68654	21.729280060504	36.93536459889	13.766392272054
S	916	0.673673	1.6456189088425	28.629448006174	22.570967105344
S	920	0.766225	6.7224734032261	23.339400474259	21.093134638906
S	921	1.17846	13.264362436756	20.887127057706	25.748881063449
S	922	1.17939	15.998205555627	23.787069470662	28.222127669612
S	923	1.17084	0.85686140011448	22.383139968409	17.476535668828
S	924	0.65028	11.220003953078	26.009268056263	21.366580584795
S	927	0.550367	24.707932352491	27.638438136017	25.417982316313
S	934	0.832591	21.945685434086	26.626814726726	20.506247035518
S	938	1.18197	4.382894351755	37.101970830792	23.86912791577
S	939	1.2877	27.457851149924	30.877791483622	21.177850525164
S	950	1.52143	39.149432228066	29.24100906356	20.61837808222
S	959	1.10356	31.264619251718	13.015740498746	26.224400482759
S	963	0.814179	12.217500657538	32.091192578071	31.855753465318
S	967	0.803367	15.325143989306	34.094344438548	33.232108986893
S	985	0.638275	8.4973359288655	25.901454165103	24.693272715272
S	992	1.21658	33.655571818875	31.662792355974	27.798159062588
S	993	0.912414	37.777495991806	35.897773933128	17.86855619582
S	995	1.38058	18.190206843149	26.506320186526	30.966791866276
S	996	0.646079	21.788611980787	21.018344192047	18.245398581959
