p=24	U1	Omega3			Ite (res=1e-12)	Tab 1 Wilson			Rel Error	
0.01	0.095180122	0.008741267	1.794103032	0.164769001		1.79223228	0.15960749		0.001043811	0.032338777
0.05	0.095000876	0.010372105	1.790724327	0.195509576		1.79070892	0.195478184		8.60395E-06	0.000160591
0.1	0.094340138	0.01112664	1.778269711	0.209732214		1.77826951	0.209731929		1.1284E-07	1.36006E-06
0.15	0.093535893	0.011393174	1.763110049	0.214756277		1.76311004	0.214756269		4.8248E-09	3.72112E-08
0.2	0.092682938	0.011427962	1.747032219	0.215412008		1.74703222	0.215412007		-3.64245E-10	3.56844E-09
0.3	0.090958635	0.011152735	1.71452988	0.210224103		1.71452988	0.210224103		2.71833E-10	-6.59533E-10
0.4	0.089293374	0.010665566	1.68314045	0.201041187		1.68314045	0.201041187		2.74607E-10	-1.62445E-09
0.5	0.08772459	0.010101623	1.653569567	0.190411103		1.65356957	0.190411103		-1.94258E-09	1.67577E-09
										
p=16										
0.01	0.095347785	0.009038846	1.797263398	0.170378227		1.79223228	0.15960749		0.002807179	0.067482656
0.05	0.095008886	0.01040029	1.790875301	0.196040854		1.79070892	0.195478184		9.29137E-05	0.002878429
0.1	0.094340369	0.011128382	1.778274068	0.209765051		1.77826951	0.209731929		2.56294E-06	0.000157924
0.15	0.093535904	0.011393348	1.763110255	0.214759548		1.76311004	0.214756269		1.21925E-07	1.52685E-05
0.2	0.09268294	0.011427986	1.747032251	0.215412462		1.74703222	0.215412007		1.79138E-08	2.11407E-06
0.3	0.090958635	0.011152736	1.714529883	0.210224119		1.71452988	0.210224103		1.8984E-09	7.60639E-08
0.4	0.089293374	0.010665566	1.683140451	0.201041188		1.68314045	0.201041187		4.16286E-10	2.95186E-09
0.5	0.08772459	0.010101623	1.653569567	0.190411103		1.65356957	0.190411103		-1.92968E-09	2.04482E-09
										
p=8										
0.01	0.09581516	0.010576734	1.806073218	0.199366747		1.79223228	0.15960749		0.007722737	0.249106459
0.05	0.095203627	0.01096644	1.794546087	0.20671252		1.79070892	0.195478184		0.00214282	0.057471049
0.1	0.094401879	0.01130668	1.779433507	0.213125901		1.77826951	0.209731929		0.000654567	0.01618243
0.15	0.093556285	0.011454599	1.763494425	0.215914096		1.76311004	0.214756269		0.000218015	0.005391356
0.2	0.092689847	0.01145044	1.747162459	0.215835712		1.74703222	0.215412007		7.45489E-05	0.001966949
0.3	0.090959449	0.011156273	1.71454523	0.210290795		1.71452988	0.210224103		8.95272E-06	0.00031724
0.4	0.089293465	0.010666232	1.683142155	0.20105373		1.68314045	0.201041187		1.01301E-06	6.23886E-05
0.5	0.087724596	0.010101765	1.653569676	0.190413787		1.65356957	0.190411103		6.43495E-08	1.40932E-05