  0.12062E+00  0.64385E+00


  0.62342E-01  0.49028E+00  0.30608E+00  0.81641E+00  0.99718E+00  0.42460E+00


  0.76748E+00  0.84684E+00  0.16811E+00  0.40454E+00  0.30247E+00  0.77300E+00
  0.31565E+00  0.83547E+00  0.31029E+00  0.49224E+00


  0.37766E-01  0.69891E+00  0.17038E+00  0.41668E+00  0.11991E+00  0.22743E+00
  0.35266E+00  0.10864E+00  0.87338E+00  0.96291E+00  0.53323E+00  0.40564E+00
  0.85034E+00  0.16044E+00


 nphi=
      98
 nphi=
     100
 ntheta=
      49
 sphtrans_test
 time=
  0.15599E+00
 speed=
  0.64107E+04
 in layer pot., est. time=
  0.76435E+00
 error=
  0.31865E-14
 sphtrans_fwd_test
 time=
  0.15262E+00
 speed=
  0.65522E+04
 error=
  0.16469E-15
